011110110001101001101001100101100101100011011110 1000000000
010000110000010000010000010000010000010000111000 0100000000
111111000001000001111111100000100000100000111111 0010000000
111111000001000001011111000001000001000001111111 0001000000
100001100001100001100001111111000001000001000001 0000100000
111111100000100000111111000001000001000001111111 0000010000
111111100000100000111111100001100001100001111111 0000001000
111100000100000100001110000100000100000100000100 0000000100
111111100001100001111111100001100001100001111111 0000000010
111111100001100001111111000001000001000001111111 0000000001
